Templat:Metadata South Africa/mainplace/muni
<includeonly>{{#switch: {{{1}}}
| 10101
| 10102
| 10103
| 10104
| 10105
| 10106
| 10107
| 10108
| 10109
| 10110
| 10111
| 19101
| 19104
| 19107
| 19108 = Matzikama
| 10201
| 10202
| 10203
| 10204
| 10205
| 10206
| 19102 = Cederberg
| 10301
| 10302
| 10303
| 10304
| 10305
| 10306
| 10307
| 10308
| 10309
| 10310 = Bergrivier
| 10401
| 10402
| 10403
| 10404
| 10405
| 10406
| 10407
| 10408
| 10409
| 10410
| 10411
| 19103
| 19105
| 19106
| 19109
| 19110 = Saldanha Bay
| 10501
| 10502
| 10503
| 10504
| 10505
| 10506
| 10507
| 10508
| 10509
| 10510
| 10511
| 10512
| 10513
| 10514
| 10515 = Swartland
| 10601
| 10602
| 10603
| 10604
| 10605
| 10606
| 10607
| 10608
| 10609
| 10610
| 10611 = Witzenberg
| 10701
| 10702
| 10703
| 10704
| 10705
| 10706
| 10707
| 10708
| 10709
| 10710 = Drakenstein
| 10801
| 10802
| 10803
| 10804
| 10805
| 10806
| 10807
| 10808
| 10809
| 10810
| 10811
| 10812
| 10813
| 10814
| 10815
| 10816
| 10817 = Stellenbosch
| 10901
| 10902
| 10903
| 10904
| 10905
| 10906
| 10907
| 10908
| 10909 = Breede Valley
| 11001
| 11002
| 11003
| 11004
| 11005
| 11006
| 11007
| 11008 = Langeberg
| 11101
| 11102
| 11103
| 11104
| 11105
| 11106
| 11107
| 11108
| 11109
| 11110
| 11111
| 11112
| 11113
| 11114
| 11115
| 11116 = Theewaterskloof
| 11201
| 11202
| 11203
| 11204
| 11205
| 11206
| 11207
| 11208
| 11209
| 11210
| 11211
| 11212
| 11213
| 11214
| 11215
| 11216
| 11217
| 11218
| 11219
| 11220
| 11221
| 11222
| 11223
| 11224
| 11225
| 11226
| 11227
| 11228
| 11229 = Overstrand
| 11301
| 11302
| 11303
| 11304
| 11305
| 11306
| 11307
| 11308
| 19301
| 19302 = Cape Agulhas
| 11401
| 11402
| 11403
| 11404
| 11405
| 11406
| 11407
| 11408
| 11409
| 19202 = Swellendam
| 11501
| 11502
| 11503
| 11504
| 11505
| 11506
| 11507 = Kannaland
| 11601
| 11602
| 11603
| 11604
| 11605
| 11606
| 11607
| 11608
| 11609
| 11610
| 11611
| 11612
| 11613
| 11614
| 11615
| 11616 = Hessequa
| 11701
| 11702
| 11703
| 11704
| 11705
| 11706
| 11707
| 11708
| 11709
| 11710
| 11711
| 11712
| 11713
| 11714
| 11715
| 11716
| 11717
| 11718
| 11719
| 11720
| 11721
| 11722
| 11723 = Mossel Bay
| 11801
| 11802
| 11803
| 11804
| 11805
| 11806
| 11807
| 11808
| 11809
| 11810
| 11811
| 11812
| 11813
| 11814
| 19401
| 19402
| 19403
| 19404
| 19405
| 19406
| 19407
| 19408 = George
| 11901
| 11902
| 11903
| 11904
| 11905
| 11906
| 11907
| 11908
| 11909
| 11910 = Oudtshoorn
| 12001
| 12002
| 12003
| 12004
| 12005
| 12006
| 12007
| 12008
| 12009
| 12010
| 12011
| 12012
| 12013 = Bitou
| 12101
| 12102
| 12103
| 12104
| 12105
| 12106
| 12107
| 12108
| 12109
| 12110
| 12111
| 12112 = Knysna
| 12201
| 12202
| 12203 = Laingsburg
| 12301
| 12302
| 12303 = Prince Albert
| 12401
| 12402
| 12403
| 12404
| 19501
| 19502
| 19503
| 19504 = Beaufort West
| 17101
| 17102
| 17103
| 17104
| 17105
| 17106
| 17107
| 17108
| 17109
| 17110
| 17111
| 17112
| 17113
| 17114
| 17115
| 17116
| 17117
| 17118
| 17119
| 17120
| 17121
| 17122
| 17123
| 17124
| 17125
| 17126
| 17127
| 17128
| 17129
| 17130
| 17131
| 17132
| 17133
| 17134
| 17135
| 17136
| 17137
| 17138
| 17139
| 17140
| 17141
| 17142
| 17143
| 17144
| 17145
| 17146 = City of Cape Town
| 20101
| 20102
| 20103
| 20104
| 20105
| 20106 = Camdeboo
| 20201
| 20202
| 20203
| 20204
| 20205
| 20206
| 20207
| 29103 = Blue Crane Route
| 20301
| 20302
| 20303
| 20304
| 20305 = Ikwezi
| 20401
| 20402
| 20403
| 20404
| 20405
| 20406 = Makana
| 20501
| 20502
| 20503
| 20504
| 20505
| 20506
| 20507
| 20508
| 20509
| 20510
| 20511
| 20512
| 20513 = Ndlambe
| 20601
| 20602
| 20603
| 20604
| 20605
| 20606
| 20607
| 20608
| 20609
| 20610
| 29102 = Sunday's River Valley
| 20701
| 20702
| 20703
| 20704
| 29104 = Baviaans
| 20801
| 20802
| 20803
| 20804
| 20805
| 20806
| 20807
| 20808
| 20809
| 20810
| 20811
| 20812
| 20813
| 20814
| 20815 = Kouga
| 20901
| 20902
| 20903
| 20904
| 20905
| 20906
| 20907
| 20908
| 20909
| 20910
| 20911
| 20912
| 20913
| 20914
| 20915
| 20916
| 29105 = Kou-Kamma
| 21001
| 21002
| 21003
| 21004
| 21005
| 21006
| 21007
| 21008
| 21009
| 21010
| 21011
| 21012
| 21013
| 21014
| 21015
| 21016
| 21017
| 21018
| 21019
| 21124
| 22211 = Mbhashe
| 21101
| 21102
| 21103
| 21104
| 21105
| 21106
| 21107
| 21108
| 21109
| 21110
| 21111
| 21112
| 21113
| 21114
| 21115
| 21116
| 21117
| 21118
| 21119
| 21120
| 21121
| 21122
| 21123
| 21125
| 21126
| 21127
| 21128
| 21129
| 21130
| 21131 = Mnquma
| 21201
| 21202
| 21203
| 21204
| 21205
| 21206
| 21207
| 21208
| 21209
| 21210
| 21211
| 21212
| 21213 = Great Kei
| 21301
| 21302
| 21303
| 21304
| 21305
| 21306
| 21307
| 21308
| 21309
| 21310
| 21311
| 21312
| 21313
| 21314
| 21315
| 21316
| 21317
| 21318
| 21319
| 21320
| 21321
| 21322
| 21323
| 21324
| 21325
| 21326
| 21327 = Amahlathi
| 21401
| 21402
| 21403
| 21404
| 21405
| 21406
| 21407
| 21408
| 21409
| 21410
| 21411
| 21412
| 21413
| 21414
| 21415
| 21416
| 21417
| 21418
| 21419
| 21420
| 21421
| 21422
| 21423
| 21424
| 21425
| 21426
| 21427
| 21428
| 21429
| 21430
| 21431
| 21432
| 21433
| 21434
| 21435
| 21436
| 21437
| 21438
| 21439
| 21440
| 21441
| 21442
| 21443
| 21444
| 21445
| 21446
| 21447
| 21448
| 21449
| 21450
| 21451
| 21452
| 21453
| 21454
| 21455 = Buffalo City
| 21501
| 21502
| 21503
| 21504
| 21505
| 21506
| 21507
| 21508
| 21509
| 21510
| 21511
| 21512
| 21513
| 21514
| 21515
| 21516
| 21517 = Ngqushwa
| 21601
| 21602
| 21603
| 21604
| 21605
| 21606
| 21607
| 21608
| 21609
| 21610
| 21611
| 21612
| 21613
| 21614
| 21615
| 21616
| 21617
| 21618
| 21619
| 21620
| 21621
| 21622
| 21623
| 21624
| 21625
| 21626
| 21627
| 21628 = Nkonkobe
| 21701
| 21702
| 21703
| 21704
| 21705 = Nxuba
| 21801
| 21802
| 21803
| 21804
| 21805
| 29202 = Inxuba Yethemba
| 21901
| 21902
| 21903
| 21904
| 21905
| 21906
| 21907
| 21908
| 29201 = Tsolwana
| 22001
| 22002
| 22003
| 22004
| 22005 = Inkwanca
| 22101
| 22102
| 22103
| 22104
| 22105
| 22106
| 22107
| 22108
| 22109
| 22110
| 22111
| 22112
| 22113
| 22114
| 22115
| 22116 = Lukhanji
| 22201
| 22202
| 22203
| 22204
| 22208
| 22210
| 22212
| 22213
| 22214
| 22217
| 22218
| 22219
| 22220
| 22221
| 22222
| 22223
| 22225
| 22226 = Intsika Yethu
| 22205
| 22206
| 22224
| 22302
| 22305
| 22306
| 22501
| 22502
| 22503
| 22504
| 22505
| 22506
| 22507
| 22508
| 22509
| 22510 = Sakhisizwe
| 22207
| 22209
| 22401
| 22402
| 22403
| 22404
| 22405
| 22406
| 22407
| 22408
| 22409
| 22410
| 22411
| 22412
| 22413 = Engcobo
| 22215
| 22216
| 22301
| 22303
| 22304
| 22307
| 22308
| 22309
| 22310
| 22311
| 22312
| 22313
| 22314
| 22315
| 22316
| 22317
| 22318
| 80901
| 80902
| 80903
| 80904
| 80905
| 80906
| 80907
| 80908
| 80909
| 80910
| 80911
| 80912
| 80913
| 80914
| 80915
| 80916
| 80917
| 80918
| 80919
| 80920
| 80921
| 80922
| 80923
| 80924
| 80925
| 80926
| 80927
| 80928
| 80929
| 80930
| 80931
| 80932
| 80933
| 80934
| 80935
| 80936
| 80937
| 80938
| 80939
| 80940
| 80941
| 80942
| 80943
| 80944
| 80945
| 80946
| 80947
| 80948
| 80949
| 80950
| 80951
| 80952 = Emalahleni
| 22601
| 22602
| 22603
| 22604
| 22605
| 22606
| 22607
| 22608
| 22609
| 22610
| 22611
| 22612
| 22613
| 22614
| 22615
| 22616
| 22617
| 22618
| 22619
| 22620 = Elundini
| 22701
| 22702
| 22703
| 22704
| 22705
| 22706
| 22707
| 22708
| 22709
| 22710
| 22711
| 22712
| 22713
| 22714
| 22715
| 22716
| 22717
| 22718
| 22719 = Senqu
| 22801
| 22802
| 22803
| 22804
| 22805 = Maletswai
| 22901
| 22902
| 22903
| 22904
| 22905
| 22906
| 22907
| 22908
| 22909
| 22910
| 29301 = Gariep
| 23001
| 23002
| 23003
| 23004
| 23005
| 23006
| 23007
| 23008
| 23009
| 23010
| 23011
| 23012
| 23013 = Mbizana
| 23101
| 23102
| 23103
| 23104
| 23105
| 23106
| 23107
| 23108
| 23109 = Ntabankulu
| 23201
| 23202
| 23203
| 23204
| 23205
| 23206
| 23207
| 23208
| 23209
| 23210
| 23211
| 23212
| 23213
| 23214
| 23215
| 23216
| 23217
| 23218 = Ngquza Hill
| 23301
| 23302
| 23303
| 23304
| 23305
| 23306
| 23307
| 23308
| 23309
| 23310 = Port St Johns
| 23401
| 23402
| 23403
| 23404
| 23405
| 23407
| 23408
| 23409
| 23410
| 23411
| 23412
| 23413
| 23414
| 23415
| 23416
| 23417
| 23418 = Nyandeni
| 23406
| 23501
| 23502
| 23503
| 23504
| 23505
| 23506
| 23507
| 23508
| 23509
| 23510
| 23511
| 23512
| 23513
| 23514
| 23515
| 23516
| 23517
| 23518
| 23519
| 23520
| 23521
| 23522
| 23523
| 23524
| 23525
| 23526 = Mhlontlo
| 23601
| 23602
| 23603
| 23604
| 23605
| 23606
| 23607
| 23608
| 23609
| 23610
| 23611
| 23612
| 23613
| 23614
| 23615
| 23616
| 23617
| 23618
| 23619
| 23620
| 23621
| 23622
| 23623
| 23624
| 23625
| 23626
| 23627
| 23628
| 23629
| 23630 = King Sabata Dalindyebo
| 23701
| 23702
| 23703
| 23704
| 23705
| 23706
| 23707
| 23708
| 23709
| 23710
| 23711
| 23712
| 23713
| 23714
| 23715
| 23716
| 23717
| 23718
| 23719
| 23720
| 23721
| 23722
| 23723
| 23724
| 23725 = Umzimkhulu
| 23801
| 23803
| 23804
| 23805
| 23808
| 23809
| 23814
| 23816
| 23817
| 23818
| 23821
| 23822 = Umzimvubu
| 23802
| 23806
| 23807
| 23810
| 23811
| 23812
| 23813
| 23815
| 23819
| 23820
| 23823
| 23825
| 29401
| 54901
| 54902
| 54903
| 54904
| 54905
| 54906 = Matatiele
| 27501
| 27502
| 27503
| 27504
| 27505
| 27506
| 27507
| 27508
| 27509
| 27510
| 27511
| 27512
| 27513
| 27514
| 27515
| 27516
| 27517
| 27518
| 27519
| 27520 = Nelson Mandela Bay
| 30101
| 30102
| 30103
| 30104
| 30105
| 30106
| 30107
| 30108 = Richtersveld
| 30201
| 30202
| 30203
| 30204
| 30205
| 30206
| 30207
| 30208
| 30209
| 30210
| 30211
| 30212 = Nama Khoi
| 30301
| 30302
| 30303
| 30304
| 30305
| 30306
| 30307
| 30308
| 30309
| 30310
| 30311
| 30312
| 30313
| 30314
| 30315
| 30316 = Kamiesberg
| 30401
| 30402
| 30403
| 30404
| 30405 = Hantam
| 30501
| 30502
| 30503
| 30504 = Karoo Hoogland
| 30601
| 30602
| 30603
| 30604
| 30605 = Khi-Ma
| 30701
| 30702
| 30703
| 30704
| 30705
| 30706 = Ubuntu
| 30801
| 30802
| 30803
| 30804
| 30805
| 30806 = Umsombomvu
| 30901
| 30902
| 30903
| 30904
| 30905
| 30906
| 30907
| 30908 = Emthanjeni
| 31001
| 31002
| 31003
| 31004 = Kareeberg
| 31101
| 31102
| 31103
| 31104
| 31105
| 31106 = Renosterberg
| 31201
| 31202
| 31203
| 31204 = Thembelihle
| 31301
| 31302
| 31303
| 31304
| 31305
| 31306
| 39202 = Siyathemba
| 31401
| 31402
| 31403
| 31404
| 31405
| 31406
| 31407
| 31408 = Siyancuma
| 31501
| 31502
| 31503
| 31504
| 39302 = Mier
| 31601
| 31602
| 31603
| 31604
| 31605
| 31606
| 31607
| 31608
| 31609
| 31610
| 31611
| 31612
| 31613
| 31614
| 31615
| 31616
| 31617 = Kai !Garib
| 31701
| 31702
| 31703
| 31704
| 31705
| 31706
| 31707
| 31708
| 31709
| 31710
| 31711 = Khara Hais
| 31801
| 31802
| 31803
| 31804
| 31805
| 31806
| 31807 = !Kheis
| 31901
| 31902
| 31904
| 31905
| 31906
| 31908
| 31909
| 31910 = Tsantsabane
| 31903
| 31907
| 32401
| 32402
| 32403
| 32404 = Gamagara
| 32001
| 32002
| 32003
| 32004
| 32005 = Kgatelopele
| 32101
| 32102
| 32103
| 32104
| 32105
| 32106 = Sol Plaatje
| 32201
| 32202
| 32203
| 32204
| 32205
| 32206
| 32207
| 32208
| 32209
| 32210
| 32211
| 32212
| 32213
| 39401
| 39403 = Dikgatlong
| 32301
| 32302
| 32303 = Magareng
| 38101
| 38102
| 38103
| 38104
| 68101
| 68102
| 68103
| 68104 = Ga-Segonyana
| 38701
| 38702
| 38703
| 38704
| 38705
| 68701
| 68702 = Phokwane
| 39501
| 39502
| 39503
| 39504
| 62101
| 62102
| 62103
| 62104
| 62105
| 62106 = Joe Morolong
| 40101
| 40102
| 40103
| 40104
| 40105
| 40106
| 40107
| 40108
| 40109
| 40110
| 40111
| 40112 = Letsemeng
| 40201
| 40202
| 40203
| 40204
| 40205
| 40206
| 40207
| 40208
| 40209
| 40210
| 40211
| 40212
| 40213
| 40214
| 40215
| 40216
| 40217
| 40218
| 40219
| 40220
| 40221 = Kopanong
| 40301
| 40302
| 40303
| 40304
| 40305
| 40306
| 40307 = Mohokare
| 40401
| 40402
| 40403
| 40404
| 40405
| 40406
| 40407
| 61201
| 61202
| 61203
| 61204 = Naledi
| 40501
| 40502
| 40503
| 40504
| 40505
| 40506
| 40507
| 40508
| 40509
| 40510
| 40511 = Mangaung
| 40601
| 40602
| 40603
| 40604
| 40605
| 40606
| 40607
| 40608
| 40609
| 40610
| 40611 = Mantsopa
| 40701
| 40702
| 40703
| 40704
| 40705
| 40706
| 40707
| 40708
| 40709
| 40710
| 40711
| 40712
| 40713
| 40714
| 40715
| 40716 = Masilonyana
| 40801
| 40802
| 40803
| 40804
| 40805
| 40806
| 40807 = Tokologo
| 40901
| 40902
| 40903
| 40904
| 40905 = Tswelopele
| 41001
| 41002
| 41003
| 41004
| 41005
| 41006
| 41007
| 41008
| 41009
| 41010
| 41011
| 41012
| 41013
| 41014
| 41015
| 41016
| 41017
| 41018
| 41019
| 41020
| 41021
| 41022
| 41023
| 41024 = Matjhabeng
| 41101
| 41102
| 41103
| 41104
| 41105 = Nala
| 41201
| 41202
| 41203
| 41204
| 41205
| 41206
| 41207
| 41208
| 41209
| 41210 = Setsoto
| 41301
| 41302
| 41303
| 41304
| 41305
| 41306
| 41307
| 41308
| 41309
| 41310
| 41311
| 49101 = Dihlabeng
| 41401
| 41402
| 41403
| 41404
| 41405
| 41406
| 41407
| 41408
| 41409
| 41410 = Nketoana
| 41501
| 41502
| 41503
| 41504
| 41505
| 41506
| 41507
| 41508
| 41509
| 41510
| 41511
| 41512
| 41513
| 41514
| 41515
| 41516
| 41517
| 41518 = Maluti a Phofung
| 41601
| 41602
| 41603
| 41604
| 41605
| 41606
| 41607 = Phumelela
| 41701
| 41702
| 41703
| 41704
| 41705
| 41706
| 41707
| 41708
| 41709 = Moqhaka
| 41801
| 41802
| 41803
| 41804
| 41805
| 41806
| 41807
| 41808
| 41809
| 41810
| 41811 = Ngwathe
| 41901
| 41902
| 41903
| 41904
| 41905
| 41906
| 41907
| 41908
| 41909
| 41910
| 41911
| 41912
| 41913
| 41914 = Metsimaholo
| 42001
| 42002
| 42003
| 42004
| 42005
| 42006
| 42007
| 42008 = Mafube
| 50101
| 50102
| 50103
| 50104
| 50105
| 50106
| 50107
| 50108
| 50109
| 50110
| 50111
| 50112
| 50113
| 50114 = Vulamehlo
| 50201
| 50202
| 50203
| 50204
| 50205
| 50206
| 50207
| 50208
| 50209
| 50210
| 50211
| 50212
| 50213
| 50214
| 50215 = Umdoni
| 50301
| 50302
| 50303
| 50304
| 50305
| 50306
| 50307
| 50308
| 50309
| 50310
| 50311
| 50312
| 50313
| 50314
| 50315
| 50316 = Umzumbe
| 50401
| 50402
| 50403
| 50404
| 50405
| 50406
| 50407
| 50408
| 50409
| 50410
| 50411
| 50412 = uMuziwabantu
| 50501
| 50502
| 50503
| 50504
| 50505 = Ezingoleni
| 50601
| 50602
| 50603
| 50604
| 50605
| 50606
| 50607
| 50608
| 50609
| 50610
| 50611
| 50612
| 50613
| 50614
| 50615
| 50616
| 50617
| 50618
| 50619
| 50620
| 50621
| 50622
| 50623
| 50624
| 50625
| 50626
| 50627
| 50628
| 50629
| 50630
| 50631
| 50632
| 50633
| 50634
| 50635 = Hibiscus Coast
| 50701
| 50702
| 50703
| 50704
| 50705
| 50706
| 50707
| 50708
| 50709
| 50710
| 50711
| 50712
| 50713
| 50714
| 50715
| 50716
| 50717 = uMshwathi
| 50801
| 50802
| 50803
| 50804
| 50805
| 50806
| 50807
| 50808
| 50809
| 50810
| 50811
| 50812
| 50813 = uMngeni
| 50901
| 50902
| 50903 = Mooi Mpofana
| 51001
| 51002
| 51003
| 51004
| 51005
| 51006
| 54714
| 54803
| 54805
| 54807 = Impendle
| 51101
| 51102
| 51103
| 51104
| 51105
| 51106
| 51107
| 51108
| 51109
| 51110
| 51111
| 51112 = Msunduzi
| 51201
| 51202
| 51203
| 51204
| 51205
| 51206
| 51207 = Mkhambathini
| 51301
| 51302
| 51303
| 51304
| 51305 = Richmond
| 51401
| 51402
| 51403
| 51404
| 51405
| 51406
| 51407
| 51408
| 51409
| 51410
| 51411 = Emnambithi-Ladysmith
| 51501
| 51502
| 51503
| 51504
| 51505
| 51506
| 51507
| 51508
| 51509
| 51510
| 51511 = Indaka
| 51601
| 51602
| 51603
| 51604
| 51605
| 51606 = Umtshezi
| 51701
| 51702
| 51703
| 51704
| 51705
| 51706
| 51707
| 51708
| 51709
| 51710
| 51711
| 51712
| 51713
| 51714
| 51715
| 59201
| 59203
| 59204 = Okhahlamba
| 51801
| 51802
| 51803
| 51804
| 51805
| 51806
| 51807
| 51808
| 51809
| 59202 = Imbabazane
| 51901
| 51902
| 51903
| 51904
| 51905
| 51906
| 51907
| 51908 = Endumeni
| 52001
| 52002
| 52003
| 52004
| 52005
| 52006
| 52007
| 52008
| 52009
| 52010
| 52011
| 52012 = Nqutu
| 52201
| 52202
| 52203
| 52204
| 52205
| 52206
| 52207
| 52208
| 52209
| 52210
| 52211
| 52212
| 52213
| 52214
| 52215
| 52216 = Msinga
| 52301
| 52302
| 52303
| 52304
| 52305
| 52306
| 52307
| 52308
| 52309
| 52310
| 52311
| 52312 = Umvoti
| 52401
| 52402
| 52403
| 52404
| 52405
| 52406
| 52408 = Newcastle
| 52501
| 52502
| 52503 = eMadlangeni
| 52601
| 52602
| 52603
| 52604
| 52605
| 52606
| 52607 = Dannhauser
| 52701
| 52702
| 52703
| 52704
| 52705
| 52706 = eDumbe
| 52801
| 52802
| 52803
| 52804
| 52805
| 52806
| 52807
| 52808 = uPhongolo
| 52901
| 52902
| 52903
| 52904
| 52905
| 52906
| 52907
| 52908
| 52909
| 52910
| 52911
| 52912
| 52913
| 52914
| 52915 = Abaqulusi
| 53001
| 53002
| 53003
| 53004 = Nongoma
| 53101
| 53102
| 53103
| 53104
| 53105
| 53106
| 53107
| 53108
| 53109
| 53110
| 53111
| 53112
| 53113
| 53114 = Ulundi
| 53201
| 53202
| 53203
| 53204
| 53205
| 53206
| 53207
| 59307
| 59310 = Umhlabuyalingana
| 53301
| 53302
| 53303
| 53304
| 53305
| 53306
| 53307
| 53308
| 53309
| 53310
| 53311
| 53312
| 59304 = Jozini
| 53401
| 53402
| 53403
| 53404
| 53405
| 53406
| 53407
| 53408
| 59305
| 59306
| 59308 = The Big 5 False Bay
| 53501
| 53502
| 53503
| 53504
| 59302
| 59303
| 59309 = Hlabisa
| 53505
| 53601
| 53602
| 53603
| 53604
| 53605
| 53606
| 53607
| 53608
| 53609
| 53610
| 53611
| 53612
| 59301 = Mtubatuba
| 53701
| 53702
| 53703
| 53704
| 53705
| 53706
| 53707 = Mbonambi
| 53801
| 53802
| 53803
| 53804
| 53805
| 53806
| 53807
| 53808
| 53809
| 53810
| 53811
| 53812
| 53813
| 53814
| 53815
| 53816 = uMhlathuze
| 53901
| 53902
| 53903
| 53904
| 53905
| 53906
| 53907 = Ntambanana
| 54001
| 54002
| 54003
| 54004
| 54005
| 54006
| 54007
| 54008
| 54009
| 54010
| 54011
| 54012
| 54013
| 54014
| 54015
| 54016
| 54017
| 54018
| 54019
| 54020
| 54021
| 54022
| 54023
| 54024
| 54025
| 54026
| 54027
| 54028
| 54029 = uMlalazi
| 54101
| 54102
| 54103
| 54104
| 54105
| 54106
| 54107
| 54108
| 54109 = Mthonjaneni
| 54201
| 54202
| 54203
| 54204
| 54205
| 54206
| 54207
| 54208
| 54209
| 54210
| 54211
| 54212
| 54213
| 54214
| 54215
| 54216
| 54217
| 54218
| 54219
| 54220
| 54221
| 54222
| 54223
| 54224
| 54225
| 54226
| 54227
| 54228
| 54229
| 54230
| 54231
| 54232
| 54233
| 54234
| 54235
| 54236
| 54237
| 54238 = Nkandla
| 54301
| 54303
| 54304
| 54305
| 54306
| 54307
| 54308
| 54309
| 54310
| 54311 = Mandeni
| 54302
| 54401
| 54402
| 54403
| 54404
| 54405
| 54406
| 54407
| 54408
| 54409
| 54410
| 54411
| 54412 = KwaDukuza
| 54501
| 54502
| 54503
| 54504
| 54505
| 54506
| 54507
| 54508
| 54509
| 54510
| 54511
| 54512
| 54513
| 54514
| 54515
| 54516
| 54517
| 54518
| 54519
| 54520
| 54521
| 54522
| 54523 = Ndwedwe
| 54601
| 54602
| 54603
| 54604
| 54605
| 54606
| 54607
| 54608
| 54609
| 54610
| 54611
| 54612 = Maphumulo
| 54701
| 54702
| 54703
| 54704
| 54705
| 54706
| 54707
| 54708
| 54709
| 54710
| 54711
| 54712
| 54713
| 54715
| 54716
| 54717 = Ingwe
| 54801
| 54802
| 54804
| 54806
| 54808
| 59401 = Kwa Sani
| 55001
| 55002
| 55003
| 55004 = Greater Kokstad
| 55101
| 55102
| 55103
| 55104
| 55105
| 55106
| 55107
| 55108
| 55109
| 55110
| 55111
| 55112
| 55113 = Ubuhlebezwe
| 57201
| 57202
| 57203
| 57204
| 57205
| 57206
| 57207
| 57208
| 57209
| 57210
| 57211
| 57212
| 57213
| 57214
| 57215
| 57216
| 57217
| 57218
| 57219
| 57220
| 57221
| 57222
| 57223
| 57224
| 57225
| 57226
| 57227
| 57228
| 57229
| 57230
| 57231
| 57232
| 57233
| 57234
| 57235
| 57236
| 57237
| 57238
| 57239
| 57240
| 57241
| 57242
| 57243
| 57244
| 57245
| 57246
| 57247
| 57248
| 57249
| 57250
| 57251
| 57252
| 57253
| 57254
| 57255
| 57256
| 57257
| 57258
| 57259
| 57260
| 57261
| 57262
| 57263
| 57264
| 57265
| 57266
| 57267
| 57268
| 57269
| 57270
| 57271
| 57272
| 57273
| 57274
| 57275
| 57276
| 57277
| 57278
| 57279
| 57280
| 57281
| 57282
| 57283
| 57284
| 57285
| 57286
| 57287
| 57288
| 57289
| 57290
| 57291
| 57292
| 57294 = eThekwini
| 59101 = Mpofana
| 60101
| 60102
| 60103
| 60104
| 60105
| 60106
| 60107
| 60108
| 60109
| 60110
| 60111
| 60112
| 60113
| 60114
| 60115
| 60116 = Moretele
| 60201
| 60202
| 60203
| 60204
| 60205
| 60206
| 60207
| 60208
| 60209
| 60210
| 60211
| 60212
| 60213
| 60214
| 60215
| 60216
| 60217
| 60218
| 60219
| 60220
| 60221
| 60222
| 60223
| 60224
| 60225 = Madibeng
| 60301
| 60302
| 60303
| 60304
| 60305
| 60306
| 60307
| 60308
| 60309
| 60310
| 60311
| 60312
| 60313
| 60314
| 60315
| 60316
| 60317
| 60318
| 60319
| 60320 = Rustenburg
| 60401
| 60402
| 60403
| 60404
| 60405
| 60406
| 60407 = Kgetlengrivier
| 60501
| 60502
| 60503
| 60504
| 60505
| 60506
| 60507
| 60508
| 60509
| 60510
| 60511
| 60512
| 60513
| 60514
| 60515
| 60516
| 60517
| 60518
| 60519
| 60520
| 60521
| 60522
| 60523
| 60524
| 60525
| 60526
| 60527
| 69101
| 69102 = Moses Kotane
| 60601
| 60602
| 60603
| 60604
| 60605
| 60606 = Ratlou
| 60701
| 60702
| 60703
| 60704
| 60705
| 60706
| 60707
| 60708
| 60709
| 60710
| 60711
| 60712 = Tswaing
| 60801
| 60802
| 60803
| 60804
| 60805
| 60806
| 60807
| 60808
| 60809
| 60810
| 60811
| 60812
| 60813
| 60814
| 60815
| 60816
| 60817
| 60818
| 60819
| 60820
| 60821
| 60822
| 60823
| 60824
| 60825 = Mafikeng
| 60901
| 60902
| 60903
| 60904
| 60905
| 60906
| 60907
| 60908
| 60909
| 60910
| 60911
| 60912 = Ditsobotla
| 61001
| 61002
| 61003
| 61004
| 61005
| 61006
| 61007
| 61008
| 61009
| 61010
| 61011
| 61012
| 61013
| 61014
| 61015
| 61016
| 61017 = Ramotshere Moiloa
| 61101
| 61102
| 61103
| 61104
| 61105
| 61501
| 61502 = Kagisano-Molopo
| 61301
| 61302
| 61303
| 61304
| 61305
| 61306 = Mamusa
| 61401
| 61402
| 61403
| 61404
| 61405
| 61406
| 61407
| 61408
| 61409 = Greater Taung
| 61601
| 61602
| 61603
| 61604
| 61605 = Lekwa-Teemane
| 61701
| 61702
| 61703
| 61704 = Ventersdorp
| 61801
| 61802
| 61803
| 61804
| 61805 = Tlokwe
| 61901
| 61902
| 61903
| 61904
| 61905
| 61906
| 61907
| 61908
| 61909
| 61910
| 61911
| 61912
| 61913
| 61914
| 61915
| 61916
| 61917
| 61918
| 61919 = City of Matlosana
| 62001
| 62002
| 62003
| 62004
| 62005
| 62006
| 62007
| 62008
| 62009
| 62010 = Maquassi Hills
| 67601
| 67602
| 67603
| 67604
| 67605
| 67606
| 67607
| 67608
| 67609
| 67610
| 67611
| 70701
| 70702
| 70703
| 70704
| 70705
| 70706
| 70707
| 70708
| 70709
| 77601
| 77602
| 77603
| 77604
| 77605
| 77606
| 77607
| 77608
| 77609
| 77610
| 77611
| 77612
| 77613
| 77614
| 77615
| 78201
| 78202
| 78203
| 78204
| 78205
| 78206
| 78207
| 81201
| 81206
| 81213
| 88201
| 88202 = City of Tshwane
| 68801
| 68802
| 68803
| 68804
| 68805
| 68806
| 68807
| 78801
| 78802
| 78803
| 78804
| 78805
| 78806
| 78807
| 78808
| 78809
| 78810
| 78811
| 78812
| 78813
| 78814
| 78815 = Merafong City
| 70101
| 70102
| 70103
| 70104
| 70105
| 70106
| 70107
| 70108
| 70109
| 79101 = Mogale City
| 70201
| 70202
| 70203
| 70204
| 70205
| 70206
| 70207
| 70208 = Randfontein
| 70301
| 70302
| 70303
| 70304
| 70305
| 70306
| 70307
| 70308
| 70309
| 70310
| 70311
| 70312
| 70313
| 70314
| 70315
| 70316
| 70317 = Westonaria
| 70401
| 70402
| 70403
| 70404
| 70405
| 70406
| 70407
| 70408
| 70409
| 70410 = Emfuleni
| 70501
| 70502
| 70503
| 70504
| 70505
| 70506
| 70507
| 70508
| 70509 = Midvaal
| 70601
| 70602
| 70603
| 70604
| 70605
| 70606
| 70607 = Lesedi
| 77301
| 77302
| 77303
| 77304
| 77305
| 77306
| 77307
| 77308
| 77309
| 77310
| 77311
| 77312
| 77313
| 77314
| 77315
| 77316
| 77317
| 77318
| 77319
| 77320
| 77321
| 77322
| 77323
| 77324
| 77325
| 77326
| 77327
| 77328 = Ekurhuleni
| 77401
| 77402
| 77403
| 77404
| 77405
| 77406
| 77407
| 77408
| 77409
| 77410
| 77411
| 77412
| 77413
| 77414
| 77415
| 77416
| 77417
| 77418
| 77419
| 77420
| 77421
| 77422
| 77423
| 77424
| 77425
| 77426
| 77427
| 77428
| 77429
| 77430
| 77431
| 77432 = City of Johannesburg
| 80101
| 80102
| 80103
| 80104
| 80105
| 80106
| 80107
| 80108
| 80109
| 80110
| 80111
| 80112
| 80113
| 80114
| 80115
| 80116
| 80117
| 80118
| 80119
| 80120
| 80121
| 80122 = Albert Luthuli
| 80201
| 80202
| 80203
| 80204
| 80205
| 80206
| 80207
| 80208
| 80209
| 80210
| 80211
| 80212
| 80213 = Msukaligwa
| 80301
| 80302
| 80303
| 80304
| 80305
| 80306
| 80307
| 80308
| 80309
| 80310 = Mkhondo
| 80401
| 80402
| 80403
| 80404
| 80405
| 80406
| 80407
| 80408
| 80409
| 80410
| 80411 = Seme
| 80501
| 80502
| 80503
| 80504
| 80505
| 80506
| 80507 = Lekwa
| 80601
| 80602
| 80603
| 80604
| 80605
| 80606 = Dipaleseng
| 80701
| 80702
| 80703
| 80704
| 80705
| 80706
| 80707
| 80708
| 80709
| 80710
| 80711
| 80712
| 80713
| 80714
| 80715
| 80716
| 80717
| 80718
| 80719 = Govan Mbeki
| 80801
| 80802
| 80803
| 80804
| 80805 = Victor Khanye
| 81001
| 81002
| 81003
| 81004
| 81005
| 81006
| 81007 = Steve Tshwete
| 81101
| 81102
| 81103
| 81104
| 81105
| 81106
| 81107
| 81108
| 81109 = Emakhazeni
| 81202
| 81203
| 81204
| 81205
| 81207
| 81208
| 81209
| 81210
| 81211
| 81212
| 81214
| 81215 = Thembisile
| 81301
| 81302
| 81303
| 81304
| 81305
| 81306
| 81307
| 81308
| 81309
| 89201 = Dr JS Moroka
| 81401
| 81402
| 81403
| 81404
| 81405
| 81406
| 81407
| 89302
| 89304 = Thaba Chweu
| 81501
| 81502
| 81503
| 81504
| 81505
| 81506
| 81507
| 81508
| 81509
| 81510
| 81511
| 81512
| 81513
| 81514
| 81515
| 81516
| 81517
| 81518
| 81519
| 81520
| 81521
| 81522
| 81523
| 81524
| 81525
| 89305
| 89603 = Mbombela
| 81601
| 81602
| 81603
| 81604
| 81605
| 81606
| 81607
| 89301 = Umjindi
| 81701
| 81702
| 81703
| 81704
| 81705
| 81706
| 81707
| 81708
| 81709
| 81710
| 81711
| 81712
| 81713
| 81714
| 81715
| 81716
| 81717
| 81718
| 89303 = Nkomazi
| 88301
| 88302
| 88303
| 88304
| 89101
| 98301
| 98302
| 98303
| 98304
| 98305
| 98306
| 98307 = Ephraim Mogale
| 88401
| 88402
| 88403
| 88404
| 88405
| 98401
| 98402
| 98403
| 98404
| 98405
| 98406
| 98407
| 98408 = Elias Motsoaledi
| 88501
| 88502
| 88503
| 88504
| 88505
| 88506
| 88507
| 88508
| 88509
| 88510
| 88511
| 88512
| 98501
| 98502
| 98503
| 98504
| 98505
| 98506
| 98507
| 98508
| 98509 = Greater Tubatse
| 88601
| 89602
| 89604
| 98601
| 98602
| 98603
| 98604
| 98605
| 98606
| 98607
| 98608
| 98609
| 98610
| 98611
| 98612
| 98613
| 98614
| 98615
| 98616
| 99601
| 99604
| 99605 = Bushbuckridge
| 90101
| 90102
| 90103
| 90104
| 90105
| 90106
| 90107
| 90108
| 90109
| 90110
| 90111
| 90112 = Greater Giyani
| 90201
| 90202
| 90203
| 90204
| 90205
| 90206
| 90207 = Greater Letaba
| 90301
| 90302
| 90303
| 90304
| 90305
| 90306
| 90307
| 90308
| 90309
| 90310
| 90311
| 90312 = Greater Tzaneen
| 90401
| 90402
| 90403
| 90404
| 90405
| 90406
| 90407
| 90408
| 90409
| 90410
| 90411
| 90412 = Ba-Phalaborwa
| 90501
| 90502
| 90503
| 90504 = Musina
| 90601
| 90602
| 90603
| 90604
| 90605
| 90606
| 90607
| 90608
| 90703
| 99603 = Mutale
| 90701
| 90702
| 90704
| 90705
| 90706
| 90707
| 90708
| 90709
| 90710
| 90711
| 90712
| 90713
| 90714
| 90715
| 90716
| 90717
| 90718
| 90719
| 90720
| 90721
| 90722 = Thulamela
| 90801
| 90802
| 90803
| 90804
| 90805
| 90806
| 90807
| 90808
| 90809
| 90810
| 90811
| 90812
| 90813
| 90814
| 90815
| 90816
| 90817
| 90818
| 90819
| 90820
| 90821
| 90822
| 90823
| 90824
| 90825
| 90826
| 90827
| 90828
| 90829
| 90830
| 90831
| 90832
| 90833
| 90834
| 90835
| 90836
| 90837
| 90838 = Makhado
| 90901
| 90902
| 90903
| 90904
| 90905
| 90906
| 90907
| 90908
| 90909
| 90910
| 90911
| 90912
| 91507 = Blouberg
| 91001
| 91002
| 91003
| 91004
| 91005 = Aganang
| 91101
| 91102
| 91103
| 91104
| 91105
| 91106
| 91107
| 91108
| 91109
| 91110 = Molemole
| 91201
| 91202
| 91203
| 91204
| 91205
| 91206
| 91207
| 91208
| 91209
| 91210
| 91211
| 91212
| 91213
| 91214
| 91215
| 91216
| 91217
| 91218
| 91219
| 91220
| 91222
| 91223 = Polokwane
| 91301
| 91302
| 91303
| 91304
| 91305
| 91306
| 91307
| 91308
| 91309
| 91310
| 91311
| 91312 = Lepelle-Nkumpi
| 91401
| 91402
| 91403
| 91404
| 91405
| 91406
| 91407
| 91408
| 91409
| 91410
| 91411
| 91412
| 91413 = Thabazimbi
| 91501
| 91502
| 91503
| 91504
| 91505
| 91506
| 91508
| 91509
| 91510 = Lephalale
| 91601
| 91602
| 91603
| 91604 = Mookgopong
| 91701
| 91702
| 91703
| 91704 = Modimolle
| 91801
| 91802
| 91803 = Bela-Bela
| 91901
| 91902
| 91903
| 91904
| 91905
| 91906
| 91907
| 91908
| 91909
| 91910
| 91911
| 91912
| 91913
| 91914
| 91915
| 91916
| 91917 = Mogalakwena
| 92001
| 92002
| 92003
| 92004
| 92005
| 92006
| 92007
| 92008
| 92009
| 92010
| 92011
| 92012
| 92013 = Makhuduthamaga
| 92101
| 92102
| 92103
| 92104
| 92105
| 92106
| 92107
| 92108
| 92109
| 92110 = Fetakgomo
| 92201
| 92202
| 92203
| 92204
| 92205
| 92206
| 92207 = Maruleng
| 19111
| 19201
| 29101
| 39101
| 39201
| 39301
| 39402
| 89601
| 99602 = 
|#default= <strong class="error">Invalid Data-key<tt>{{{1}}}</tt></strong>[[Category:Template:Data population/Error]]
}}</includeonly><noinclude>
{{documentation|content = 
}}